{"version":1}
{"currentFrameRate":6.62799,"gestures":[],"hands":[{"direction":[0.734409,0.451582,-0.506673],"id":86,"palmNormal":[0.0698048,-0.792824,-0.60544],"palmPosition":[-99.9823,188.11,110.756],"palmVelocity":[6.02791,26.5985,2.03019],"r":[[0.999459,-0.0220556,0.0243774],[0.0223826,0.999662,-0.0132262],[-0.0240775,0.0137647,0.999615]],"s":0.925743,"sphereCenter":[-79.4202,174.356,83.084],"sphereRadius":66.7532,"stabilizedPalmPosition":[-99.1098,185.287,110.069],"t":[4.79515,-15.7602,-10.4111],"timeVisible":0.754862}],"id":9523913,"interactionBox":{"center":[0,200,0],"size":[221.418,221.418,154.742]},"pointables":[{"direction":[0.471545,-0.0486883,-0.880497],"handId":86,"id":77,"length":58.6772,"stabilizedTipPosition":[-80.2271,202.665,19.9464],"timeVisible":0.45275,"tipPosition":[-80.5847,207.08,20.92],"tipVelocity":[7.6862,135.926,16.0349],"tool":false,"touchDistance":0.333333,"touchZone":"hovering"},{"direction":[0.482053,-0.430629,-0.76301],"handId":86,"id":56,"length":47.8005,"stabilizedTipPosition":[-55.0209,211.645,23.3865],"timeVisible":1.19908,"tipPosition":[-58.4219,211.674,29.3707],"tipVelocity":[-17.1182,54.2525,82.2416],"tool":false,"touchDistance":0.312617,"touchZone":"hovering"},{"direction":[0.490346,-0.314662,-0.812742],"handId":86,"id":97,"length":55.2301,"stabilizedTipPosition":[-31.2435,212.593,33.4837],"timeVisible":1.05443,"tipPosition":[-35.8139,212.075,38.012],"tipVelocity":[-22.3153,25.1859,63.7785],"tool":false,"touchDistance":0.342876,"touchZone":"hovering"},{"direction":[0.824832,0.447411,-0.345652],"handId":86,"id":39,"length":40.9366,"stabilizedTipPosition":[-17.3545,178.989,96.6963],"timeVisible":1.43174,"tipPosition":[-17.8262,183.993,93.6205],"tipVelocity":[1.83771,131.903,-76.6557],"tool":false,"touchDistance":0.393676,"touchZone":"none"}],"r":[[0.0840432,-0.990385,0.10988],[0.927841,0.117991,0.353821],[-0.363384,0.0722153,0.928836]],"s":-35.7335,"t":[-2580.86,-6714.86,228.805],"timestamp":612579007145}
{"currentFrameRate":9.10823,"gestures":[],"hands":[{"direction":[0.714099,0.477229,-0.512166],"id":86,"palmNormal":[0.0823184,-0.783788,-0.615548],"palmPosition":[-85.2197,180.769,95.2828],"palmVelocity":[96.8786,-48.1809,-101.544],"r":[[0.998736,-0.0125252,0.0486878],[0.0145171,0.999063,-0.0407762],[-0.0481315,0.0414315,0.997981]],"s":0.920377,"sphereCenter":[-74.8499,182.54,76.6206],"sphereRadius":65.5366,"stabilizedPalmPosition":[-88.8248,181.941,99.1205],"t":[11.3402,-9.44477,-20.7151],"timeVisible":0.907244}],"id":9523916,"interactionBox":{"center":[0,200,0],"size":[221.418,221.418,154.742]},"pointables":[{"direction":[0.45451,0.0334555,-0.890113],"handId":86,"id":77,"length":57.9039,"stabilizedTipPosition":[-78.536,212.301,16.4365],"timeVisible":0.605132,"tipPosition":[-77.2163,219.82,13.6977],"tipVelocity":[23.9278,24.3236,-86.2531],"tool":false,"touchDistance":0.212963,"touchZone":"hovering"},{"direction":[0.481434,-0.465388,-0.742721],"handId":86,"id":56,"length":47.5994,"stabilizedTipPosition":[-53.4257,214.709,21.1987],"timeVisible":1.35146,"tipPosition":[-50.9006,219.56,17.7357],"tipVelocity":[84.5371,35.9707,-188.913],"tool":false,"touchDistance":0.118702,"touchZone":"hovering"},{"direction":[0.54623,-0.24061,-0.802334],"handId":86,"id":97,"length":55.073,"stabilizedTipPosition":[-29.9469,214.42,31.1845],"timeVisible":1.20681,"tipPosition":[-27.7674,217.49,27.3199],"tipVelocity":[86.8959,25.1526,-157.206],"tool":false,"touchDistance":0.164674,"touchZone":"hovering"},{"direction":[0.783804,0.392471,-0.481268],"handId":86,"id":39,"length":39.832,"stabilizedTipPosition":[-11.0706,181.947,76.7627],"timeVisible":1.58413,"tipPosition":[-10.4205,182.253,74.7005],"tipVelocity":[73.7517,-119.543,-143.575],"tool":false,"touchDistance":0.333333,"touchZone":"none"}],"r":[[0.0888096,-0.985296,0.145964],[0.940739,0.131126,0.312757],[-0.327297,0.109538,0.938551]],"s":-35.7395,"t":[-2574.28,-6708.56,218.484],"timestamp":612579159527}
{"currentFrameRate":7.44033,"gestures":[],"hands":[{"direction":[0.664727,0.484905,-0.568335],"id":86,"palmNormal":[0.073723,-0.799598,-0.595993],"palmPosition":[-71.08,181.252,80.0828],"palmVelocity":[89.511,3.06033,-96.2233],"r":[[0.997521,-0.0122455,0.0692985],[0.0157619,0.998603,-0.0504261],[-0.0685843,0.0513934,0.996321]],"s":1.03739,"sphereCenter":[-63.2187,168.603,53.4376],"sphereRadius":71.6901,"stabilizedPalmPosition":[-74.8585,181.399,84.1367],"t":[13.1576,-6.21413,-34.0143],"timeVisible":1.06521}],"id":9523918,"interactionBox":{"center":[0,200,0],"size":[221.418,221.418,154.742]},"pointables":[{"direction":[0.482904,-0.245428,-0.840576],"handId":86,"id":56,"length":49.8317,"stabilizedTipPosition":[-53.4257,214.709,21.1987],"timeVisible":1.50943,"tipPosition":[-47.8032,227.266,-3.55707],"tipVelocity":[-11.8374,35.4295,-127.139],"tool":false,"touchDistance":-0.286178,"touchZone":"hovering"},{"direction":[0.388448,0.132407,-0.911908],"handId":86,"id":77,"length":58.4768,"stabilizedTipPosition":[-79.4217,216.812,9.24915],"timeVisible":0.763098,"tipPosition":[-80.4387,221.991,0.997003],"tipVelocity":[-46.6558,-22.5881,-82.4533],"tool":false,"touchDistance":0.00128412,"touchZone":"hovering"},{"direction":[0.531828,-0.202233,-0.822351],"handId":86,"id":97,"length":56.821,"stabilizedTipPosition":[-29.9469,214.42,31.1845],"timeVisible":1.36478,"tipPosition":[-19.9871,223.064,4.24373],"tipVelocity":[29.6966,27.1844,-152.188],"tool":false,"touchDistance":-0.269928,"touchZone":"hovering"},{"direction":[0.802235,0.354414,-0.480426],"handId":86,"id":39,"length":39.0727,"stabilizedTipPosition":[-0.227557,173.399,72.9742],"timeVisible":1.74209,"tipPosition":[0.914535,172.499,72.5751],"tipVelocity":[67.1624,-54.3669,72.4262],"tool":false,"touchDistance":0.333333,"touchZone":"none"}],"r":[[0.0858818,-0.981754,0.169659],[0.9465,0.133564,0.293767],[-0.311067,0.135353,0.9407]],"s":-35.6229,"t":[-2572.45,-6705.33,205.176],"timestamp":612579317493}
{"currentFrameRate":13.0909,"gestures":[],"hands":[{"direction":[0.61753,0.499461,-0.607614],"id":86,"palmNormal":[0.0727406,-0.805463,-0.588166],"palmPosition":[-72.6168,184.257,85.1362],"palmVelocity":[-74.5604,145.779,245.164],"r":[[0.9964,-0.013949,0.0836159],[0.0188102,0.998161,-0.0576339],[-0.0826581,0.0589992,0.99483]],"s":1.1269,"sphereCenter":[-58.8168,162.825,46.1524],"sphereRadius":74.9766,"stabilizedPalmPosition":[-74.1729,182.273,84.4424],"t":[12.2604,-2.7208,-35.7477],"timeVisible":1.08582}],"id":9523920,"interactionBox":{"center":[0,200,0],"size":[221.418,221.418,154.742]},"pointables":[{"direction":[0.464622,-0.0954398,-0.880351],"handId":86,"id":56,"length":51.7157,"stabilizedTipPosition":[-51.7491,220.843,11.2937],"timeVisible":1.53004,"tipPosition":[-49.1177,230.471,-4.25264],"tipVelocity":[-177.842,172.59,447.978],"tool":false,"touchDistance":-0.296327,"touchZone":"touching"},{"direction":[0.331008,0.198754,-0.922459],"handId":86,"id":77,"length":58.8529,"stabilizedTipPosition":[-79.8451,217.263,8.36954],"timeVisible":0.78371,"tipPosition":[-83.4145,221.07,0.953812],"tipVelocity":[-170.308,42.939,389.023],"tool":false,"touchDistance":0.000564281,"touchZone":"hovering"},{"direction":[0.519718,-0.158319,-0.839541],"handId":86,"id":97,"length":58.2736,"stabilizedTipPosition":[-25.1797,220.036,18.2405],"timeVisible":1.38539,"tipPosition":[-19.6056,226.602,3.1056],"tipVelocity":[-153.478,230.233,472.461],"tool":false,"touchDistance":-0.288341,"touchZone":"touching"},{"direction":[0.462847,-0.0624479,-0.884236],"handId":86,"id":28,"length":52.324,"stabilizedTipPosition":[2.50215,210.483,28.7954],"timeVisible":0,"tipPosition":[2.97504,211.332,28.7954],"tipVelocity":[-134.651,217.895,503.806],"tool":false,"touchDistance":0.333333,"touchZone":"hovering"},{"direction":[0.823129,0.375664,-0.425834],"handId":86,"id":39,"length":38.775,"stabilizedTipPosition":[0.28585,172.796,74.4745],"timeVisible":1.76271,"tipPosition":[2.11445,170.65,79.818],"tipVelocity":[-140.468,78.128,539.904],"tool":false,"touchDistance":0.333333,"touchZone":"none"}],"r":[[0.082619,-0.979096,0.185861],[0.950959,0.133236,0.279152],[-0.29808,0.153683,0.942088]],"s":-35.5337,"t":[-2573.34,-6701.84,203.438],"timestamp":612579338105}
{"currentFrameRate":20.8811,"gestures":[],"hands":[{"direction":[0.599782,0.500857,-0.624022],"id":86,"palmNormal":[0.0704492,-0.809894,-0.58233],"palmPosition":[-73.6867,185.654,87.9517],"palmVelocity":[-52.3938,68.4417,137.884],"r":[[0.995391,-0.0152605,0.0946803],[0.0213284,0.99776,-0.0634114],[-0.0935005,0.0651385,0.993486]],"s":1.19026,"sphereCenter":[-57.1528,160.786,43.6415],"sphereRadius":76.3615,"stabilizedPalmPosition":[-74.0196,183.339,85.5486],"t":[11.4897,-0.489351,-35.6582],"timeVisible":1.10624}],"id":9523922,"interactionBox":{"center":[0,200,0],"size":[221.418,221.418,154.742]},"pointables":[{"direction":[0.445666,-0.0112109,-0.895129],"handId":86,"id":56,"length":53.3,"stabilizedTipPosition":[-51.2037,224.403,6.59006],"timeVisible":1.55046,"tipPosition":[-49.9798,232.391,-3.96481],"tipVelocity":[-92.5426,100.892,177.472],"tool":false,"touchDistance":-0.29071,"touchZone":"touching"},{"direction":[0.285485,0.241508,-0.927455],"handId":86,"id":77,"length":59.1507,"stabilizedTipPosition":[-80.2473,217.523,7.86751],"timeVisible":0.80413,"tipPosition":[-85.3642,220.82,1.48004],"tipVelocity":[-92.1011,24.2915,170.467],"tool":false,"touchDistance":0.00933482,"touchZone":"hovering"},{"direction":[0.507575,-0.127585,-0.852109],"handId":86,"id":97,"length":59.5178,"stabilizedTipPosition":[-23.1855,223.132,12.8601],"timeVisible":1.40581,"tipPosition":[-19.6092,228.685,3.21126],"tipVelocity":[-78.9382,121.529,167.453],"tool":false,"touchDistance":-0.286255,"touchZone":"touching"},{"direction":[0.464625,-0.0532348,-0.883906],"handId":86,"id":28,"length":53.0259,"stabilizedTipPosition":[2.30823,211.638,30.7486],"timeVisible":0.02042,"tipPosition":[2.20933,212.227,31.7448],"tipVelocity":[-75.1985,82.516,189.924],"tool":false,"touchDistance":0.333333,"touchZone":"hovering"},{"direction":[0.836583,0.320961,-0.443974],"handId":86,"id":39,"length":38.271,"stabilizedTipPosition":[0.65804,172.345,76.0774],"timeVisible":1.78312,"tipPosition":[2.52882,170.079,84.1345],"tipVelocity":[-81.98,56.0796,151.742],"tool":false,"touchDistance":0.333333,"touchZone":"none"}],"r":[[0.080277,-0.976821,0.198434],[0.954403,0.132751,0.26738],[-0.287524,0.167922,0.942938]],"s":-35.4705,"t":[-2574.11,-6699.61,203.525],"timestamp":612579358525}
{"currentFrameRate":29.4902,"gestures":[],"hands":[{"direction":[0.587313,0.506587,-0.631216],"id":86,"palmNormal":[0.0772858,-0.811434,-0.579312],"palmPosition":[-75.0609,186.755,90.5614],"palmVelocity":[-67.0213,53.6984,127.281],"r":[[0.994484,-0.0163491,0.103604],[0.0234873,0.997405,-0.0680581],[-0.102223,0.0701161,0.992287]],"s":1.23672,"sphereCenter":[-56.4852,159.945,42.8425],"sphereRadius":76.9215,"stabilizedPalmPosition":[-74.3086,184.287,86.94],"t":[10.7662,0.974797,-34.7341],"timeVisible":1.12675}],"id":9523924,"interactionBox":{"center":[0,200,0],"size":[221.418,221.418,154.742]},"pointables":[{"direction":[0.428999,0.0461822,-0.902123],"handId":86,"id":56,"length":54.7054,"stabilizedTipPosition":[-51.08,227.075,3.85356],"timeVisible":1.57096,"tipPosition":[-50.758,234.032,-3.27105],"tipVelocity":[-64.4046,82.4812,113.035],"tool":false,"touchDistance":-0.279148,"touchZone":"touching"},{"direction":[0.248777,0.272852,-0.929334],"handId":86,"id":77,"length":59.3575,"stabilizedTipPosition":[-80.6649,217.736,7.52797],"timeVisible":0.824633,"tipPosition":[-86.9675,220.954,2.40374],"tipVelocity":[-69.4891,28.7804,115.081],"tool":false,"touchDistance":0.0247298,"touchZone":"hovering"},{"direction":[0.498901,-0.0968041,-0.861236],"handId":86,"id":97,"length":60.5906,"stabilizedTipPosition":[-22.2005,225.188,10.2363],"timeVisible":1.42631,"tipPosition":[-19.806,230.186,3.85789],"tipVelocity":[-55.5635,80.0129,116.871],"tool":false,"touchDistance":-0.275478,"touchZone":"touching"},{"direction":[0.465739,-0.0523171,-0.883374],"handId":86,"id":28,"length":53.5016,"stabilizedTipPosition":[1.85209,212.449,32.7858],"timeVisible":0.040923,"tipPosition":[1.54549,212.993,34.1551],"tipVelocity":[-57.6734,60.997,130.166],"tool":false,"touchDistance":0.333333,"touchZone":"hovering"},{"direction":[0.8468,0.343801,-0.405871],"handId":86,"id":39,"length":38.1044,"stabilizedTipPosition":[0.895136,172.069,77.3463],"timeVisible":1.80363,"tipPosition":[2.83811,169.799,87.7448],"tipVelocity":[-44.5904,36.1767,126.391],"tool":false,"touchDistance":0.333333,"touchZone":"none"}],"r":[[0.0783959,-0.974871,0.208518],[0.957093,0.13213,0.257905],[-0.278975,0.179353,0.943401]],"s":-35.4242,"t":[-2574.83,-6698.15,204.448],"timestamp":612579379028}
{"currentFrameRate":36.829,"gestures":[],"hands":[{"direction":[0.581145,0.502492,-0.640135],"id":86,"palmNormal":[0.0715271,-0.815094,-0.574896],"palmPosition":[-76.0753,187.39,92.3018],"palmVelocity":[-49.1942,30.7706,84.4023],"r":[[0.99392,-0.0164999,0.108858],[0.0244225,0.997116,-0.0718524],[-0.107358,0.0740742,0.991457]],"s":1.26769,"sphereCenter":[-56.2656,159.628,42.6382],"sphereRadius":77.4226,"stabilizedPalmPosition":[-74.7242,185.017,88.2014],"t":[9.96827,2.17146,-33.4932],"timeVisible":1.14737}],"id":9523926,"interactionBox":{"center":[0,200,0],"size":[221.418,221.418,154.742]},"pointables":[{"direction":[0.416971,0.080286,-0.905367],"handId":86,"id":56,"length":55.9308,"stabilizedTipPosition":[-51.2164,229.282,2.29813],"timeVisible":1.59158,"tipPosition":[-51.6034,235.542,-2.11347],"tipVelocity":[-55.3987,73.3969,97.3153],"tool":false,"touchDistance":-0.259855,"touchZone":"touching"},{"direction":[0.219681,0.295936,-0.929603],"handId":86,"id":77,"length":59.5174,"stabilizedTipPosition":[-81.1007,217.935,7.29271],"timeVisible":0.845254,"tipPosition":[-88.3433,221.244,3.38299],"tipVelocity":[-58.35,28.007,79.5609],"tool":false,"touchDistance":0.0410505,"touchZone":"hovering"},{"direction":[0.490176,-0.0810316,-0.867848],"handId":86,"id":97,"length":61.5689,"stabilizedTipPosition":[-21.7017,226.771,8.90046],"timeVisible":1.44693,"tipPosition":[-20.2159,231.488,4.92095],"tipVelocity":[-47.8359,65.7149,97.0771],"tool":false,"touchDistance":-0.25776,"touchZone":"touching"},{"direction":[0.466446,-0.0468837,-0.883306],"handId":86,"id":28,"length":53.8512,"stabilizedTipPosition":[1.31773,213.175,34.7198],"timeVisible":0.061544,"tipPosition":[0.872022,213.781,36.333],"tipVelocity":[-49.7192,53.2041,103.402],"tool":false,"touchDistance":0.333333,"touchZone":"hovering"},{"direction":[0.837055,0.356095,-0.415375],"handId":86,"id":39,"length":37.6271,"stabilizedTipPosition":[1.01682,171.884,78.5888],"timeVisible":1.82425,"tipPosition":[2.19357,170.096,90.6042],"tipVelocity":[-83.407,52.4583,74.7013],"tool":false,"touchDistance":0.343403,"touchZone":"none"}],"r":[[0.0782466,-0.973464,0.215048],[0.959121,0.132352,0.250139],[-0.271963,0.186685,0.944026]],"s":-35.3933,"t":[-2575.63,-6696.95,205.689],"timestamp":612579399649}
{"currentFrameRate":42.117,"gestures":[],"hands":[{"direction":[0.577317,0.505094,-0.641549],"id":86,"palmNormal":[0.069475,-0.813248,-0.577755],"palmPosition":[-76.8107,188.023,93.7064],"palmVelocity":[-35.9686,30.9509,68.6915],"r":[[0.993344,-0.0176042,0.11383],[0.0262511,0.996844,-0.0749158],[-0.112152,0.0774053,0.990672]],"s":1.29088,"sphereCenter":[-56.3081,160.119,43.1567],"sphereRadius":77.411,"stabilizedPalmPosition":[-75.1198,185.587,89.2449],"t":[9.26033,3.16131,-32.252],"timeVisible":1.16781}],"id":9523928,"interactionBox":{"center":[0,200,0],"size":[221.418,221.418,154.742]},"pointables":[{"direction":[0.407499,0.101913,-0.907501],"handId":86,"id":56,"length":56.9963,"stabilizedTipPosition":[-51.4634,230.833,1.6479],"timeVisible":1.61203,"tipPosition":[-52.4111,236.785,-0.847604],"tipVelocity":[-45.5761,59.7883,72.8001],"tool":false,"touchDistance":-0.238757,"touchZone":"touching"},{"direction":[0.197943,0.309897,-0.929937],"handId":86,"id":77,"length":59.6039,"stabilizedTipPosition":[-81.4028,218.061,7.19349],"timeVisible":0.865701,"tipPosition":[-89.4754,221.429,4.54222],"tipVelocity":[-47.3287,17.7628,70.3625],"tool":false,"touchDistance":0.0603711,"touchZone":"hovering"},{"direction":[0.482771,-0.067304,-0.873157],"handId":86,"id":97,"length":62.376,"stabilizedTipPosition":[-21.5069,227.975,8.33328],"timeVisible":1.46738,"tipPosition":[-20.7411,232.708,6.10319],"tipVelocity":[-41.1044,60.1512,73.1099],"tool":false,"touchDistance":-0.238056,"touchZone":"touching"},{"direction":[0.465714,-0.0399419,-0.884033],"handId":86,"id":28,"length":53.9637,"stabilizedTipPosition":[0.745171,213.939,36.5082],"timeVisible":0.081991,"tipPosition":[0.170722,214.705,38.3024],"tipVelocity":[-44.9979,54.1406,86.911],"tool":false,"touchDistance":0.333333,"touchZone":"hovering"},{"direction":[0.8346,0.367118,-0.410692],"handId":86,"id":39,"length":37.3385,"stabilizedTipPosition":[1.06509,171.791,79.491],"timeVisible":1.8447,"tipPosition":[1.79753,170.39,93.1813],"tipVelocity":[-47.414,34.6725,73.2213],"tool":false,"touchDistance":0.386355,"touchZone":"none"}],"r":[[0.0769631,-0.97231,0.220659],[0.960828,0.131428,0.244],[-0.266244,0.193236,0.944338]],"s":-35.3702,"t":[-2576.33,-6695.96,206.93],"timestamp":612579420096}
{"currentFrameRate":45.2061,"gestures":[],"hands":[{"direction":[0.575028,0.506755,-0.642294],"id":86,"palmNormal":[0.0681842,-0.812025,-0.579626],"palmPosition":[-77.7003,188.486,95.1542],"palmVelocity":[-43.2822,22.5196,70.4444],"r":[[0.993084,-0.0178651,0.116038],[0.0268925,0.996691,-0.0767037],[-0.114284,0.0792938,0.990279]],"s":1.30602,"sphereCenter":[-56.624,160.367,43.9645],"sphereRadius":77.5171,"stabilizedPalmPosition":[-75.5312,186.049,90.1871],"t":[8.71318,3.74875,-31.1305],"timeVisible":1.18837}],"id":9523930,"interactionBox":{"center":[0,200,0],"size":[221.418,221.418,154.742]},"pointables":[{"direction":[0.401661,0.109889,-0.909172],"handId":86,"id":56,"length":57.9626,"stabilizedTipPosition":[-51.6692,231.701,1.49582],"timeVisible":1.63258,"tipPosition":[-53.0612,237.57,0.467279],"tipVelocity":[-33.0633,38.3816,60.3722],"tool":false,"touchDistance":-0.216842,"touchZone":"touching"},{"direction":[0.180322,0.320939,-0.929775],"handId":86,"id":77,"length":59.7902,"stabilizedTipPosition":[-81.6221,218.151,7.14959],"timeVisible":0.886254,"tipPosition":[-90.3799,221.747,5.39618],"tipVelocity":[-37.547,21.3072,40.0051],"tool":false,"touchDistance":0.0746038,"touchZone":"hovering"},{"direction":[0.477054,-0.0628701,-0.876622],"handId":86,"id":97,"length":63.1405,"stabilizedTipPosition":[-21.4731,228.69,8.20888],"timeVisible":1.48793,"tipPosition":[-21.2532,233.34,7.40039],"tipVelocity":[-32.3363,31.6783,62.9489],"tool":false,"touchDistance":-0.216436,"touchZone":"touching"},{"direction":[0.463267,-0.0417543,-0.885235],"handId":86,"id":28,"length":54.1119,"stabilizedTipPosition":[0.199214,214.613,38.1056],"timeVisible":0.102544,"tipPosition":[-0.442714,215.404,39.9839],"tipVelocity":[-36.218,37.8954,70.569],"tool":false,"touchDistance":0.333333,"touchZone":"hovering"},{"direction":[0.829948,0.321192,-0.456095],"handId":86,"id":39,"length":36.3014,"stabilizedTipPosition":[1.06162,171.753,80.2206],"timeVisible":1.86525,"tipPosition":[0.989518,170.947,95.3683],"tipVelocity":[-57.0043,37.8031,61.9202],"tool":false,"touchDistance":0.422806,"touchZone":"none"}],"r":[[0.0771265,-0.971604,0.223692],[0.961914,0.131527,0.239631],[-0.262247,0.19669,0.944743]],"s":-35.3551,"t":[-2576.88,-6695.38,208.051],"timestamp":612579440649}
{"currentFrameRate":46.9608,"gestures":[],"hands":[{"direction":[0.57361,0.504526,-0.64531],"id":86,"palmNormal":[0.0661798,-0.81377,-0.577407],"palmPosition":[-78.4549,189.187,96.4106],"palmVelocity":[-36.789,34.2125,61.2532],"r":[[0.992817,-0.0186782,0.118177],[0.0280381,0.996556,-0.0780421],[-0.116313,0.0807949,0.989921]],"s":1.31688,"sphereCenter":[-56.999,160.895,44.8827],"sphereRadius":77.4797,"stabilizedPalmPosition":[-75.9179,186.464,91.0102],"t":[8.18685,4.21732,-30.0193],"timeVisible":1.20888}],"id":9523932,"interactionBox":{"center":[0,200,0],"size":[221.418,221.418,154.742]},"pointables":[{"direction":[0.397272,0.116759,-0.910243],"handId":86,"id":56,"length":58.8249,"stabilizedTipPosition":[-51.8315,232.227,1.52388],"timeVisible":1.65309,"tipPosition":[-53.6963,238.268,1.84623],"tipVelocity":[-30.0854,35.4021,57.0453],"tool":false,"touchDistance":-0.19386,"touchZone":"touching"},{"direction":[0.166741,0.32789,-0.929885],"handId":86,"id":77,"length":59.9393,"stabilizedTipPosition":[-81.7585,218.206,7.13957],"timeVisible":0.906765,"tipPosition":[-91.1627,221.987,6.44923],"tipVelocity":[-33.3213,15.8081,47.2261],"tool":false,"touchDistance":0.0921545,"touchZone":"hovering"},{"direction":[0.472651,-0.0586006,-0.879299],"handId":86,"id":97,"length":63.8134,"stabilizedTipPosition":[-21.4971,229.051,8.24813],"timeVisible":1.50844,"tipPosition":[-21.8157,233.837,8.76825],"tipVelocity":[-29.5921,26.3722,57.9766],"tool":false,"touchDistance":-0.193639,"touchZone":"touching"},{"direction":[0.464036,-0.0381105,-0.884996],"handId":86,"id":28,"length":54.1827,"stabilizedTipPosition":[-0.317878,215.335,39.5723],"timeVisible":0.123055,"tipPosition":[-1.01399,216.307,41.5468],"tipVelocity":[-31.1889,45.0444,66.6352],"tool":false,"touchDistance":0.333333,"touchZone":"hovering"},{"direction":[0.821971,0.297588,-0.485598],"handId":86,"id":39,"length":35.2294,"stabilizedTipPosition":[1.035,171.745,80.7831],"timeVisible":1.88576,"tipPosition":[0.256498,171.534,97.2317],"tipVelocity":[-42.0635,30.8867,56.453],"tool":false,"touchDistance":0.453861,"touchZone":"none"}],"r":[[0.07657,-0.97105,0.226271],[0.962814,0.13098,0.23629],[-0.259086,0.199764,0.94497]],"s":-35.3443,"t":[-2577.41,-6694.91,209.162],"timestamp":612579461160}
{"currentFrameRate":47.8449,"gestures":[],"hands":[{"direction":[0.572352,0.507307,-0.644245],"id":86,"palmNormal":[0.0679222,-0.812288,-0.579289],"palmPosition":[-79.009,189.981,97.4779],"palmVelocity":[-27.041,38.7309,52.0912],"r":[[0.992717,-0.01953,0.118874],[0.0289866,0.996504,-0.0783501],[-0.116929,0.0812252,0.989813]],"s":1.32471,"sphereCenter":[-57.1145,161.338,45.5862],"sphereRadius":77.559,"stabilizedPalmPosition":[-76.2519,186.844,91.709],"t":[7.66174,5.07664,-29.0056],"timeVisible":1.22937}],"id":9523934,"interactionBox":{"center":[0,200,0],"size":[221.418,221.418,154.742]},"pointables":[{"direction":[0.39413,0.118993,-0.911319],"handId":86,"id":56,"length":61.5321,"stabilizedTipPosition":[-52.0422,232.807,1.65927],"timeVisible":1.67358,"tipPosition":[-54.2984,239.022,3.10941],"tipVelocity":[-27.2893,38.4491,46.784],"tool":false,"touchDistance":-0.172807,"touchZone":"touching"},{"direction":[0.156656,0.332781,-0.929901],"handId":86,"id":77,"length":60.0944,"stabilizedTipPosition":[-81.8562,218.249,7.14116],"timeVisible":0.927255,"tipPosition":[-91.7813,222.617,7.30215],"tipVelocity":[-27.0081,32.4566,33.3659],"tool":false,"touchDistance":0.10637,"touchZone":"hovering"},{"direction":[0.468958,-0.0537456,-0.881584],"handId":86,"id":97,"length":64.4286,"stabilizedTipPosition":[-21.5756,229.515,8.40298],"timeVisible":1.52893,"tipPosition":[-22.452,234.697,10.132],"tipVelocity":[-29.7232,43.0199,53.2014],"tool":false,"touchDistance":-0.17091,"touchZone":"touching"},{"direction":[0.463668,-0.0367228,-0.885248],"handId":86,"id":28,"length":54.2745,"stabilizedTipPosition":[-0.827274,216.15,40.8995],"timeVisible":0.143545,"tipPosition":[-1.591,217.372,42.8894],"tipVelocity":[-29.3619,50.5124,58.0084],"tool":false,"touchDistance":0.333333,"touchZone":"hovering"},{"direction":[0.811597,0.297266,-0.502935],"handId":86,"id":39,"length":34.8218,"stabilizedTipPosition":[0.993444,171.765,81.2514],"timeVisible":1.90625,"tipPosition":[-0.582353,172.517,99.0095],"tipVelocity":[-40.8058,44.5756,63.4595],"tool":false,"touchDistance":0.483492,"touchZone":"hovering"}],"r":[[0.0762763,-0.970826,0.227328],[0.963343,0.130565,0.234358],[-0.257202,0.201119,0.945197]],"s":-35.3365,"t":[-2577.93,-6694.05,210.176],"timestamp":612579481650}
{"currentFrameRate":48.3599,"gestures":[],"hands":[{"direction":[0.570511,0.511174,-0.64282],"id":86,"palmNormal":[0.0744498,-0.811662,-0.579363],"palmPosition":[-78.9887,190.877,97.9712],"palmVelocity":[0.989474,43.8085,24.1258],"r":[[0.992474,-0.0210988,0.120628],[0.0307576,0.996418,-0.0787787],[-0.118534,0.081896,0.989567]],"s":1.32963,"sphereCenter":[-57.1253,161.843,46.2191],"sphereRadius":77.7052,"stabilizedPalmPosition":[-76.5452,187.276,92.3802],"t":[7.28883,6.1465,-28.0969],"timeVisible":1.24981}],"id":9523936,"interactionBox":{"center":[0,200,0],"size":[221.418,221.418,154.742]},"pointables":[{"direction":[0.39195,0.119772,-0.912157],"handId":86,"id":56,"length":63.6157,"stabilizedTipPosition":[-52.3281,233.554,1.94175],"timeVisible":1.69403,"tipPosition":[-54.7817,239.966,4.36577],"tipVelocity":[-21.261,47.0212,46.7749],"tool":false,"touchDistance":-0.151867,"touchZone":"touching"},{"direction":[0.151951,0.331177,-0.931253],"handId":86,"id":77,"length":60.1728,"stabilizedTipPosition":[-81.9529,218.295,7.15546],"timeVisible":0.947699,"tipPosition":[-92.0858,223.121,8.65466],"tipVelocity":[-13.8977,25.5818,59.7203],"tool":false,"touchDistance":0.128912,"touchZone":"hovering"},{"direction":[0.465531,-0.0477341,-0.883744],"handId":86,"id":97,"length":66.6886,"stabilizedTipPosition":[-21.7361,230.21,8.72694],"timeVisible":1.54938,"tipPosition":[-23.0642,235.957,11.4076],"tipVelocity":[-26.6032,60.5933,46.5491],"tool":false,"touchDistance":-0.149649,"touchZone":"touching"},{"direction":[0.462476,-0.0324558,-0.886037],"handId":86,"id":28,"length":54.4232,"stabilizedTipPosition":[-1.29834,217.107,42.0792],"timeVisible":0.163989,"tipPosition":[-2.06773,218.671,44.0059],"tipVelocity":[-23.5266,59.682,49.5246],"tool":false,"touchDistance":0.350081,"touchZone":"hovering"},{"direction":[0.801804,0.264583,-0.535823],"handId":86,"id":39,"length":32.7854,"stabilizedTipPosition":[0.936974,171.811,81.7305],"timeVisible":1.92669,"tipPosition":[-1.26244,173.606,100.394],"tipVelocity":[-28.6305,45.5683,49.464],"tool":false,"touchDistance":0.506566,"touchZone":"hovering"}],"r":[[0.0748066,-0.970545,0.22901],[0.963914,0.129215,0.23275],[-0.255486,0.203335,0.945189]],"s":-35.3316,"t":[-2578.31,-6692.98,211.085],"timestamp":612579502094}
{"currentFrameRate":48.5569,"gestures":[],"hands":[{"direction":[0.567845,0.516132,-0.641218],"id":86,"palmNormal":[0.0840203,-0.811269,-0.578604],"palmPosition":[-78.8001,192.08,98.364],"palmVelocity":[9.19955,58.7062,19.1625],"r":[[0.992309,-0.0218709,0.121841],[0.0317798,0.996289,-0.0799865],[-0.11964,0.0832434,0.989321]],"s":1.33321,"sphereCenter":[-56.8795,162.558,46.5419],"sphereRadius":77.8661,"stabilizedPalmPosition":[-76.7866,187.79,93.0207],"t":[7.13133,7.64065,-27.1846],"timeVisible":1.27031}],"id":9523938,"interactionBox":{"center":[0,200,0],"size":[221.418,221.418,154.742]},"pointables":[{"direction":[0.389399,0.125961,-0.912416],"handId":86,"id":56,"length":65.4393,"stabilizedTipPosition":[-52.7884,234.871,2.5543],"timeVisible":1.71453,"tipPosition":[-55.1445,241.609,5.68995],"tipVelocity":[-15.6634,76.962,51.6506],"tool":false,"touchDistance":-0.129798,"touchZone":"touching"},{"direction":[0.147313,0.334193,-0.930921],"handId":86,"id":77,"length":60.205,"stabilizedTipPosition":[-82.0804,218.37,7.18842],"timeVisible":0.968202,"tipPosition":[-92.1229,224.284,9.78388],"tipVelocity":[-2.80183,54.4491,45.6793],"tool":false,"touchDistance":0.147732,"touchZone":"hovering"},{"direction":[0.462571,-0.044097,-0.885485],"handId":86,"id":97,"length":68.5535,"stabilizedTipPosition":[-22.0343,231.456,9.40223],"timeVisible":1.56988,"tipPosition":[-23.4688,237.448,12.651],"tipVelocity":[-16.0455,70.2559,45.6131],"tool":false,"touchDistance":-0.128926,"touchZone":"touching"},{"direction":[0.461911,-0.0315788,-0.886364],"handId":86,"id":28,"length":54.5772,"stabilizedTipPosition":[-1.72047,218.348,43.2553],"timeVisible":0.184492,"tipPosition":[-2.36783,220.251,45.0588],"tipVelocity":[-14.9643,71.0544,48.3738],"tool":false,"touchDistance":0.3642,"touchZone":"hovering"},{"direction":[0.794922,0.258812,-0.548739],"handId":86,"id":39,"length":30.19,"stabilizedTipPosition":[0.878366,171.878,82.1559],"timeVisible":1.9472,"tipPosition":[-1.79296,174.931,101.544],"tipVelocity":[-19.7271,54.1079,44.1215],"tool":false,"touchDistance":0.525732,"touchZone":"hovering"}],"r":[[0.0741524,-0.970284,0.230329],[0.964538,0.128449,0.230579],[-0.253312,0.205063,0.945401]],"s":-35.328,"t":[-2578.46,-6691.48,211.997],"timestamp":612579522597}
{"currentFrameRate":48.2804,"gestures":[],"hands":[{"direction":[0.565865,0.519918,-0.639907],"id":86,"palmNormal":[0.0904494,-0.810579,-0.578603],"palmPosition":[-78.6923,193.174,99.0495],"palmVelocity":[5.18195,52.5538,32.9477],"r":[[0.991988,-0.0232538,0.124177],[0.0336048,0.996072,-0.0819238],[-0.121784,0.0854403,0.988872]],"s":1.33658,"sphereCenter":[-56.5945,163.619,47.0693],"sphereRadius":77.8739,"stabilizedPalmPosition":[-77.0024,188.4,93.7036],"t":[7.23144,9.24529,-26.2654],"timeVisible":1.29112}],"id":9523940,"interactionBox":{"center":[0,200,0],"size":[221.418,221.418,154.742]},"pointables":[{"direction":[0.388389,0.127421,-0.912643],"handId":86,"id":56,"length":68.6965,"stabilizedTipPosition":[-53.2893,236.552,3.45383],"timeVisible":1.73534,"tipPosition":[-55.2384,243.094,6.95347],"tipVelocity":[-3.37086,68.8088,47.91],"tool":false,"touchDistance":-0.108739,"touchZone":"touching"},{"direction":[0.142806,0.341192,-0.929082],"handId":86,"id":77,"length":60.2879,"stabilizedTipPosition":[-82.282,218.525,7.25945],"timeVisible":0.989007,"tipPosition":[-91.7785,225.832,10.6058],"tipVelocity":[13.4997,70.0767,29.3541],"tool":false,"touchDistance":0.16143,"touchZone":"hovering"},{"direction":[0.460663,-0.0395106,-0.886695],"handId":86,"id":97,"length":70.4541,"stabilizedTipPosition":[-22.3848,233.131,10.3885],"timeVisible":1.59068,"tipPosition":[-23.6275,239.072,13.8858],"tipVelocity":[-4.72082,74.7548,46.316],"tool":false,"touchDistance":-0.108347,"touchZone":"touching"},{"direction":[0.461138,-0.029899,-0.886824],"handId":86,"id":28,"length":54.6465,"stabilizedTipPosition":[-2.0188,219.787,44.3978],"timeVisible":0.205297,"tipPosition":[-2.4911,222.066,46.2065],"tipVelocity":[-6.90402,79.8873,53.4537],"tool":false,"touchDistance":0.378329,"touchZone":"hovering"},{"direction":[0.809681,0.283312,-0.513956],"handId":86,"id":39,"length":30.2171,"stabilizedTipPosition":[0.812109,172.001,82.7554],"timeVisible":1.968,"tipPosition":[-1.37139,176.047,102.512],"tipVelocity":[23.0647,44.2927,39.3098],"tool":false,"touchDistance":0.541866,"touchZone":"hovering"}],"r":[[0.0724513,-0.969914,0.232418],[0.965373,0.12675,0.228012],[-0.250611,0.20785,0.945512]],"s":-35.3247,"t":[-2578.36,-6689.88,212.916],"timestamp":612579543402}
{"currentFrameRate":48.5756,"gestures":[],"hands":[{"direction":[0.565659,0.524555,-0.636295],"id":86,"palmNormal":[0.0897378,-0.806178,-0.584828],"palmPosition":[-78.3072,194.338,99.5721],"palmVelocity":[18.9048,57.1889,25.6536],"r":[[0.991819,-0.0247572,0.12523],[0.0352623,0.995977,-0.0823788],[-0.122686,0.0861207,0.988702]],"s":1.33617,"sphereCenter":[-56.1544,164.689,47.6024],"sphereRadius":77.8857,"stabilizedPalmPosition":[-77.1593,189.114,94.4091],"t":[7.49526,10.7376,-25.416],"timeVisible":1.31149}],"id":9523942,"interactionBox":{"center":[0,200,0],"size":[221.418,221.418,154.742]},"pointables":[{"direction":[0.38773,0.129102,-0.912687],"handId":86,"id":56,"length":70.2848,"stabilizedTipPosition":[-53.6994,238.353,4.51281],"timeVisible":1.75571,"tipPosition":[-55.0861,244.441,8.09392],"tipVelocity":[7.33903,63.7566,42.3165],"tool":false,"touchDistance":-0.0897314,"touchZone":"touching"},{"direction":[0.141061,0.344708,-0.928051],"handId":86,"id":77,"length":60.325,"stabilizedTipPosition":[-82.5338,218.773,7.38008],"timeVisible":1.00938,"tipPosition":[-91.1551,227.256,11.5113],"tipVelocity":[25.2296,64.5519,36.5688],"tool":false,"touchDistance":0.176523,"touchZone":"hovering"},{"direction":[0.459161,-0.0382401,-0.88753],"handId":86,"id":97,"length":72.209,"stabilizedTipPosition":[-22.6739,234.951,11.524],"timeVisible":1.61105,"tipPosition":[-23.5755,240.623,15.0643],"tipVelocity":[4.59675,72.1646,44.9339],"tool":false,"touchDistance":-0.0887046,"touchZone":"touching"},{"direction":[0.460946,-0.0264436,-0.887034],"handId":86,"id":28,"length":54.737,"stabilizedTipPosition":[-2.16957,221.337,45.4388],"timeVisible":0.225666,"tipPosition":[-2.42427,223.955,47.1975],"tipVelocity":[1.35081,83.4428,47.5278],"tool":false,"touchDistance":0.388693,"touchZone":"hovering"},{"direction":[0.809062,0.282435,-0.515413],"handId":86,"id":39,"length":30.1168,"stabilizedTipPosition":[0.73145,172.222,83.546],"timeVisible":1.98837,"tipPosition":[-1.27434,177.722,103.206],"tipVelocity":[7.89312,68.254,30.8013],"tool":false,"touchDistance":0.553441,"touchZone":"hovering"}],"r":[[0.0709832,-0.969832,0.233209],[0.965793,0.125283,0.227043],[-0.249411,0.209115,0.94555]],"s":-35.3251,"t":[-2578.1,-6688.39,213.765],"timestamp":612579563771}
{"currentFrameRate":48.6407,"gestures":[],"hands":[{"direction":[0.563615,0.529175,-0.634281],"id":86,"palmNormal":[0.0961253,-0.804659,-0.585905],"palmPosition":[-77.6725,195.58,99.9139],"palmVelocity":[30.9599,60.5463,16.6721],"r":[[0.991582,-0.0265853,0.126722],[0.0373601,0.995814,-0.0834237],[-0.123973,0.0874558,0.988424]],"s":1.33688,"sphereCenter":[-55.7172,166.107,48.2602],"sphereRadius":77.7621,"stabilizedPalmPosition":[-77.2275,189.973,95.1405],"t":[7.94739,12.2658,-24.8237],"timeVisible":1.33199}],"id":9523944,"interactionBox":{"center":[0,200,0],"size":[221.418,221.418,154.742]},"pointables":[{"direction":[0.387249,0.129369,-0.912853],"handId":86,"id":56,"length":71.3404,"stabilizedTipPosition":[-53.9805,240.396,5.71536],"timeVisible":1.77621,"tipPosition":[-54.7395,245.914,8.96159],"tipVelocity":[15.4298,69.1045,28.4684],"tool":false,"touchDistance":-0.0752703,"touchZone":"touching"},{"direction":[0.139078,0.349962,-0.926382],"handId":86,"id":77,"length":61.2552,"stabilizedTipPosition":[-82.858,219.187,7.57244],"timeVisible":1.02988,"tipPosition":[-90.3699,228.784,12.0293],"tipVelocity":[32.0334,68.8773,15.3445],"tool":false,"touchDistance":0.185155,"touchZone":"hovering"},{"direction":[0.45793,-0.0375868,-0.888193],"handId":86,"id":97,"length":72.2461,"stabilizedTipPosition":[-22.8628,237.054,12.832],"timeVisible":1.63156,"tipPosition":[-23.3231,242.182,16.0208],"tipVelocity":[13.0161,72.3092,33.0121],"tool":false,"touchDistance":-0.0727635,"touchZone":"touching"},{"direction":[0.462277,-0.0178789,-0.886555],"handId":86,"id":28,"length":54.7773,"stabilizedTipPosition":[-2.15736,223.137,46.3724],"timeVisible":0.246169,"tipPosition":[-2.13674,226.177,47.9496],"tipVelocity":[10.8369,97.8627,36.2281],"tool":false,"touchDistance":0.39444,"touchZone":"hovering"},{"direction":[0.817437,0.289779,-0.49782],"handId":86,"id":39,"length":30.3121,"stabilizedTipPosition":[0.656301,172.597,84.6464],"timeVisible":2.00887,"tipPosition":[-0.648252,179.104,103.748],"tipVelocity":[30.6425,56.3181,25.7667],"tool":false,"touchDistance":0.562473,"touchZone":"none"}],"r":[[0.0690022,-0.969723,0.234256],[0.966366,0.123284,0.225693],[-0.24774,0.210803,0.945615]],"s":-35.3244,"t":[-2577.65,-6686.86,214.358],"timestamp":612579584274}
{"currentFrameRate":48.414,"gestures":[],"hands":[{"direction":[0.56275,0.532694,-0.6321],"id":86,"palmNormal":[0.0975479,-0.802125,-0.589135],"palmPosition":[-77.1293,196.431,100.147],"palmVelocity":[26.1784,41.006,11.2203],"r":[[0.991379,-0.0302721,0.127484],[0.0410815,0.9957,-0.083033],[-0.124422,0.0875543,0.988359]],"s":1.33742,"sphereCenter":[-55.0955,167.788,49.0149],"sphereRadius":77.3689,"stabilizedPalmPosition":[-77.2135,190.893,95.8538],"t":[8.48367,13.6447,-24.3673],"timeVisible":1.35274}],"id":9523946,"interactionBox":{"center":[0,200,0],"size":[221.418,221.418,154.742]},"pointables":[{"direction":[0.387003,0.12779,-0.91318],"handId":86,"id":56,"length":71.4025,"stabilizedTipPosition":[-54.0697,242.518,6.94025],"timeVisible":1.79696,"tipPosition":[-54.2566,246.969,9.51017],"tipVelocity":[20.6625,50.8108,13.895],"tool":false,"touchDistance":-0.0661273,"touchZone":"touching"},{"direction":[0.138873,0.351373,-0.925879],"handId":86,"id":77,"length":61.2795,"stabilizedTipPosition":[-83.2047,219.739,7.83232],"timeVisible":1.05063,"tipPosition":[-89.2963,229.437,12.3985],"tipVelocity":[44.1669,31.0082,10.1214],"tool":false,"touchDistance":0.191309,"touchZone":"hovering"},{"direction":[0.456631,-0.0348124,-0.888975],"handId":86,"id":97,"length":72.5091,"stabilizedTipPosition":[-22.9479,239.657,14.2741],"timeVisible":1.6523,"tipPosition":[-23.0957,244.178,16.7786],"tipVelocity":[11.1042,91.2429,24.4513],"tool":false,"touchDistance":-0.0601322,"touchZone":"touching"},{"direction":[0.46362,-0.0122865,-0.885949],"handId":86,"id":28,"length":54.8653,"stabilizedTipPosition":[-1.97109,225.111,47.1804],"timeVisible":0.266917,"tipPosition":[-1.6593,228.417,48.5329],"tipVelocity":[18.7454,97.6186,28.4956],"tool":false,"touchDistance":0.397078,"touchZone":"hovering"},{"direction":[0.821038,0.298324,-0.486723],"handId":86,"id":39,"length":30.3917,"stabilizedTipPosition":[0.613733,173.072,85.8238],"timeVisible":2.02962,"tipPosition":[-0.0525385,180.5,104.252],"tipVelocity":[28.3682,57.0725,25.6608],"tool":false,"touchDistance":0.570868,"touchZone":"none"}],"r":[[0.0654572,-0.970027,0.234014],[0.96673,0.119764,0.226031],[-0.247282,0.211433,0.945594]],"s":-35.3238,"t":[-2577.11,-6685.48,214.814],"timestamp":612579605022}
{"currentFrameRate":48.6191,"gestures":[],"hands":[{"direction":[0.559159,0.536213,-0.632311],"id":86,"palmNormal":[0.108743,-0.80353,-0.585248],"palmPosition":[-76.1619,196.917,99.8386],"palmVelocity":[47.4723,23.8816,-15.118],"r":[[0.991425,-0.0354668,0.12577],[0.0459003,0.995652,-0.0810534],[-0.122349,0.0861313,0.988743]],"s":1.33694,"sphereCenter":[-54.2158,169.51,49.6029],"sphereRadius":76.9094,"stabilizedPalmPosition":[-77.0578,191.785,96.4438],"t":[8.97984,15.0933,-24.3393],"timeVisible":1.37312}],"id":9523948,"interactionBox":{"center":[0,200,0],"size":[221.418,221.418,154.742]},"pointables":[{"direction":[0.385733,0.126457,-0.913903],"handId":86,"id":56,"length":71.4917,"stabilizedTipPosition":[-53.9649,244.348,7.80453],"timeVisible":1.81734,"tipPosition":[-53.7721,247.715,9.3952],"tipVelocity":[20.3971,38.7859,-16.8783],"tool":false,"touchDistance":-0.0680435,"touchZone":"touching"},{"direction":[0.140625,0.348058,-0.926866],"handId":86,"id":77,"length":61.3267,"stabilizedTipPosition":[-83.5201,220.389,8.13746],"timeVisible":1.07101,"tipPosition":[-87.7881,229.188,12.2658],"tipVelocity":[63.2417,-6.71392,-13.4607],"tool":false,"touchDistance":0.189097,"touchZone":"hovering"},{"direction":[0.454939,-0.0258061,-0.890149],"handId":86,"id":97,"length":72.7331,"stabilizedTipPosition":[-22.8714,242.626,15.5637],"timeVisible":1.67268,"tipPosition":[-22.7735,246.426,17.214],"tipVelocity":[15.0497,103.801,8.54501],"tool":false,"touchDistance":-0.0539224,"touchZone":"touching"},{"direction":[0.464225,-0.00573726,-0.885699],"handId":86,"id":28,"length":54.8495,"stabilizedTipPosition":[-1.6404,227.153,47.8112],"timeVisible":0.287296,"tipPosition":[-1.07319,230.654,48.8931],"tipVelocity":[23.3808,98.5169,19.0601],"tool":false,"touchDistance":0.396107,"touchZone":"hovering"},{"direction":[0.814782,0.300848,-0.495601],"handId":86,"id":39,"length":30.1802,"stabilizedTipPosition":[0.575169,173.74,87.2163],"timeVisible":2.05,"tipPosition":[0.0992046,181.991,104.403],"tipVelocity":[8.96175,61.421,10.9018],"tool":false,"touchDistance":0.573378,"touchZone":"none"}],"r":[[0.0612583,-0.971029,0.230976],[0.966786,0.115254,0.228124],[-0.248136,0.20933,0.945838]],"s":-35.3243,"t":[-2576.61,-6684.03,214.842],"timestamp":612579625401}
